CXCL17  100.00    8.70   18.33   13.16    5.63   18.64   19.05   11.36    4.08    8.00   13.95    9.76   11.63    9.30   13.21   13.64   11.36   10.20   11.29   12.77   17.39   18.18   18.75   15.52   13.95   13.95   13.95   18.57   16.67    9.84    3.57    3.57   15.38    9.52    6.98   10.00    5.26    5.17    4.65   11.63   10.20   13.95   11.36   11.36   11.63   11.36
CCL27     8.70  100.00   35.63   11.27   18.75   16.87   17.91   19.05   12.66   24.29   14.08   18.31   15.49   15.49   12.99   12.86   13.51   16.67   10.39   16.67   15.28   14.93   13.43   15.28   15.49   15.49   15.49   10.53   16.42   17.07   14.08   14.08   16.18   14.67    7.25   23.61   15.38   15.28   16.42   17.19   14.06   15.38   17.19   17.19   13.85   13.85
CCL28    18.33   35.63  100.00   15.71   22.22   16.33   26.47   17.19   17.05   23.94   18.06   22.54   22.22   22.22   20.48   15.71   17.57   11.11   18.89   15.28   18.06   17.91   17.91   16.67   14.08   15.49   14.08   15.79   16.67   23.40   16.44   16.44   17.91   13.51   13.04   24.36   20.00   19.44   14.93   17.19   12.50   16.92   14.06   14.06   15.38   15.38
CXCL14   13.16   11.27   15.71  100.00   13.04   12.16   14.06   18.33   23.94   22.39   19.12   16.18   14.71   17.65   15.28   25.76   27.14   23.88   26.39   22.39   23.88   27.42   27.42   28.36   22.73   25.76   27.27   10.94   21.21   16.67   14.71   14.71   10.45   19.44   21.21   18.84   19.05   14.49   18.75   11.48   18.03   17.74   14.75   16.39   14.52   16.13
CX3CL1    5.63   18.75   22.22   13.04  100.00   30.19   27.14   22.39   26.37   32.43   36.49   29.17   33.78   31.08   15.00   14.71    9.72   18.57   17.39   12.86   12.86   10.77    9.23   12.86   10.29   13.24   10.29   18.78   14.93   25.00   21.98   21.98   22.39   24.32   16.90   18.48   25.37   25.68   21.74   22.73   24.24   28.36   24.24   24.24   26.87   26.87
CCL21    18.64   16.87   16.33   12.16   30.19  100.00   26.09   27.69   24.73   33.33   36.99   35.62   36.99   35.62   21.25   11.43   16.22   26.76   20.69   15.49   14.08   13.64   13.64   15.49   20.00   17.14   17.14   19.39   14.49   31.58   17.95   17.95   32.86   32.47   26.76   26.51   35.82   29.73   28.99   30.30   27.27   31.34   36.36   36.36   34.33   34.33
CCL17     19.05   17.91   26.47   14.06   27.14   26.09  100.00   31.34   20.59   32.39   23.94   31.43   25.35   30.99   17.39   11.59   20.00   15.94   21.74   16.18   13.24   16.92   15.38   20.59   13.24   16.18   16.18   12.70   13.43   29.85   20.90   22.39   25.37   28.99   21.74   27.54   26.87   28.99   26.09   28.79   30.30   28.36   27.27   28.79   25.37   26.87
CCL22     11.36   19.05   17.19   18.33   22.39   27.69   31.34  100.00   26.56   30.43   27.94   31.82   27.94   30.88   16.42   13.64   16.67   16.42   18.46   22.73   19.70   21.54   16.67   18.18   18.75   17.19   18.75   13.33   20.63   22.22   25.00   23.44   25.40   30.77   27.27   26.87   28.79   22.39   28.79   28.79   23.88   33.33   32.84   32.84   30.30   29.85
CCL24     4.08   12.66   17.05   23.94   26.37   24.73   20.59   26.56  100.00   43.66   40.28   37.50   36.11   38.89   24.36   17.65   16.67   20.29   16.87   15.94   17.39   17.19   15.62   18.84   22.06   19.12   19.12   22.62   22.06   25.00   27.40   27.40   26.09   29.33   33.33   31.17   40.00   31.94   34.33   26.56   35.94   38.46   35.94   37.50   41.54   41.54
CCL13      8.00   24.29   23.94   22.39   32.43   33.33   32.39   30.43   43.66  100.00   56.00   60.27   61.33   58.67   20.27   17.39   20.55   25.33   19.44   14.86   12.33   19.70   18.57   19.23   23.19   15.94   18.84   20.90   22.54   27.14   28.17   28.17   23.53   26.39   33.33   29.87   30.67   27.50   37.14   26.87   34.25   35.29   38.24   39.71   38.24   40.58
CCL8      13.95   14.08   18.06   19.12   36.49   36.99   23.94   27.94   40.28   56.00  100.00   63.51   61.84   57.89   20.27   15.71   20.27   19.44   19.18   16.67   19.44   16.42   14.93   15.28   18.57   17.14   14.29   19.40   16.18   29.58   32.39   32.39   30.43   26.03   31.94   28.77   35.29   31.51   35.71   31.34   38.81   32.35   37.31   38.81   38.24   39.71
CCL11      9.76   18.31   22.54   16.18   29.17   35.62   31.43   31.82   37.50   60.27   63.51  100.00   64.86   63.51   23.29   18.57   22.97   16.90   19.18   11.27   11.27   16.67   15.15   16.90   21.43   14.29   17.14   21.21   19.12   32.39   32.86   32.86   26.09   23.29   32.39   25.00   34.33   30.56   36.23   36.36   33.33   34.33   39.39   39.39   37.31   37.31
CCL2      11.63   15.49   22.22   14.71   33.78   36.99   25.35   27.94   36.11   61.33   61.84   64.86  100.00   71.05   18.92   15.71   17.57   19.44   19.18   16.67   15.28   16.42   14.93   18.06   17.14   12.86   14.29   16.42   17.65   26.76   26.76   26.76   27.54   24.66   29.17   23.29   30.88   31.51   30.00   26.87   31.34   32.35   34.33   34.33   36.76   36.76
CCL7       9.30   15.49   22.22   17.65   31.08   35.62   30.99   30.88   38.89   58.67   57.89   63.51   71.05  100.00   24.32   17.14   21.62   19.44   17.81   12.50   12.50   16.42   14.93   15.28   21.43   15.71   17.14   22.39   19.12   28.17   28.17   28.17   26.09   27.40   34.72   28.77   35.29   34.25   37.14   28.36   32.84   32.35   35.82   35.82   33.82   33.82
CXCL13   13.21   12.99   20.48   15.28   15.00   21.25   17.39   16.42   24.36   20.27   20.27   23.29   18.92   24.32  100.00   19.44   26.32   31.58   17.65   21.05   23.68   25.71   23.94   25.00   26.03   24.66   26.03   19.74   23.53   16.88   17.11   17.11   20.29   15.79   22.22   21.79   18.84   14.47   20.00   14.93   19.12   23.53   17.65   17.65   25.00   24.64
CXCL11    13.64   12.86   15.71   25.76   14.71   11.43   11.59   13.64   17.65   17.39   15.71   18.57   15.71   17.14   19.44  100.00   32.88   22.22   37.50   23.94   26.76   24.64   23.19   23.94   30.99   29.58   30.99   11.11   28.36   20.29   14.93   14.93   19.12   14.29   11.59   14.71   19.12   17.39   15.94   22.39   14.93   19.12   11.94   11.94   17.65   17.65
CXCL10    11.36   13.51   17.57   27.14    9.72   16.22   20.00   16.67   16.67   20.55   20.27   22.97   17.57   21.62   26.32   32.88  100.00   22.97   38.16   25.68   31.08   31.88   31.88   31.08   23.29   24.66   27.40   10.45   23.19   19.18   14.08   14.08   20.00   10.81   20.83   13.89   17.65   17.81   17.14   17.91   14.93   14.71   10.45   11.94   11.76   13.24
CXCL8     10.20   16.67   11.11   23.88   18.57   26.76   15.94   16.42   20.29   25.33   19.44   16.90   19.44   19.44   31.58   22.22   22.97  100.00   28.38   33.77   30.26   34.29   31.08   43.59   39.73   42.47   41.10   20.00   28.57   21.43   17.39   17.39   26.09   16.90   18.31   20.27   19.44   17.33   17.14   20.90   15.49   27.94   19.12   20.59   26.47   27.54
CXCL9    11.29   10.39   18.89   26.39   17.39   20.69   21.74   18.46   16.87   19.44   19.18   19.18   19.18   17.81   17.65   37.50   38.16   28.38  100.00   36.49   31.08   27.54   26.09   31.08   42.47   39.73   43.84   13.98   23.53   18.39   13.75   13.75   17.39   17.11   21.13   18.29   25.37   20.27   14.49   19.70   21.21   23.88   16.67   18.18   22.39   23.88
CXCL5    12.77   16.67   15.28   22.39   12.86   15.49   16.18   22.73   15.94   14.86   16.67   11.27   16.67   12.50   21.05   23.94   25.68   33.77   36.49  100.00   76.62   42.86   39.73   46.15   50.68   49.32   47.95    9.23   25.00    7.14   18.84   18.84   14.71   21.13   14.08    9.59   17.14   14.86   15.94   16.67   17.39   26.87   14.93   16.42   22.39   23.53
CXCL6    17.39   15.28   18.06   23.88   12.86   14.08   13.24   19.70   17.39   12.33   19.44   11.27   15.28   12.50   23.68   26.76   31.08   30.26   31.08   76.62  100.00   41.43   37.50   41.56   43.84   43.84   41.10   10.77   29.85    8.57   21.74   21.74   17.65   19.72   14.08   11.11   21.74   19.18   15.94   22.73   19.12   25.37   19.40   20.90   29.85   30.88
CXCL4    18.18   14.93   17.91   27.42   10.77   13.64   16.92   21.54   17.19   19.70   16.42   16.67   16.42   16.42   25.71   24.64   31.88   34.29   27.54   42.86   41.43  100.00   95.71   51.43   40.58   46.38   42.03   15.00   23.81   13.85   18.75   17.19   17.19   15.15   16.67   15.38   21.54   15.15   16.67   13.64   13.64   25.76   10.61   12.12   21.21   22.73
CXCL4L1         18.75   13.43   17.91   27.42    9.23   13.64   15.38   16.67   15.62   18.57   14.93   15.15   14.93   14.93   23.94   23.19   31.88   31.08   26.09   39.73   37.50   95.71  100.00   45.95   37.68   43.48   39.13   11.67   21.54   12.31   18.75   17.19   15.62   12.12   15.15   14.49   15.94   12.86   15.15   12.12   12.86   24.24   10.45   11.94   19.70   22.39
CXCL7    15.52   15.28   16.67   28.36   12.86   15.49   20.59   18.18   18.84   19.23   15.28   16.90   18.06   15.28   25.00   23.94   31.08   43.59   31.08   46.15   41.56   51.43   45.95  100.00   49.32   56.16   53.42   12.31   25.71   15.71   18.84   18.84   19.12   18.31   12.68    9.46   19.77   17.78   15.94   10.61   16.67   25.37   13.43   14.93   22.39   23.53
CXCL3    13.95   15.49   14.08   22.73   10.29   20.00   13.24   18.75   22.06   23.19   18.57   21.43   17.14   21.43   26.03   30.99   23.29   39.73   42.47   50.68   43.84   40.58   37.68   49.32  100.00   84.93   83.56   14.29   28.36   17.39   19.40   19.40   17.65   17.14   23.19   17.65   21.21   20.29   23.53   13.85   16.92   24.24   13.85   15.38   19.70   21.21
CXCL1    13.95   15.49   15.49   25.76   13.24   17.14   16.18   17.19   19.12   15.94   17.14   14.29   12.86   15.71   24.66   29.58   24.66   42.47   39.73   49.32   43.84   46.38   43.48   56.16   84.93  100.00   87.67   11.11   26.87   18.84   16.42   16.42   22.06   18.57   14.49   16.18   21.21   21.74   20.59   16.92   16.92   24.24   10.77   12.31   21.21   22.73
CXCL2    13.95   15.49   14.08   27.27   10.29   17.14   16.18   18.75   19.12   18.84   14.29   17.14   14.29   17.14   26.03   30.99   27.40   41.10   43.84   47.95   41.10   42.03   39.13   53.42   83.56   87.67  100.00    9.52   25.37   17.39   14.93   14.93   22.06   17.14   15.94   13.24   19.70   20.29   20.59   13.85   18.46   24.24   12.31   13.85   18.18   19.70
CXCL16   18.57   10.53   15.79   10.94   18.78   19.39   12.70   13.33   22.62   20.90   19.40   21.21   16.42   22.39   19.74   11.11   10.45   20.00   13.98    9.23   10.77   15.00   11.67   12.31   14.29   11.11    9.52  100.00   18.03   20.51   19.54   19.54   19.67   17.65   15.38   22.09   25.81   16.18   22.22   21.67   20.00   21.31   26.67   25.00   24.59   22.95
CXCL12    16.67   16.42   16.67   21.21   14.93   14.49   13.43   20.63   22.06   22.54   16.18   19.12   17.65   19.12   23.53   28.36   23.19   28.57   23.53   25.00   29.85   23.81   21.54   25.71   28.36   26.87   25.37   18.03  100.00   16.18   15.15   15.15   14.49   17.39   13.24   23.19   20.59   16.90   17.91   26.56   16.42   21.54   21.88   21.88   20.00   20.00
CCL25     9.84   17.07   23.40   16.67   25.00   31.58   29.85   22.22   25.00   27.14   29.58   32.39   26.76   28.17   16.88   20.29   19.18   21.43   18.39    7.14    8.57   13.85   12.31   15.71   17.39   18.84   17.39   20.51   16.18  100.00   19.10   19.10   28.99   24.00   26.09   29.21   35.38   29.17   32.84   31.25   28.12   32.31   28.12   28.12   32.31   32.31
XCL1      3.57   14.08   16.44   14.71   21.98   17.95   20.90   25.00   27.40   28.17   32.39   32.86   26.76   28.17   17.11   14.93   14.08   17.39   13.75   18.84   21.74   18.75   18.75   18.84   19.40   16.42   14.93   19.54   15.15   19.10  100.00   97.85   31.82   23.29   28.17   24.14   34.33   28.38   31.88   30.30   33.33   26.87   33.33   34.85   32.84   34.33
XCL2      3.57   14.08   16.44   14.71   21.98   17.95   22.39   23.44   27.40   28.17   32.39   32.86   26.76   28.17   17.11   14.93   14.08   17.39   13.75   18.84   21.74   17.19   17.19   18.84   19.40   16.42   14.93   19.54   15.15   19.10   97.85  100.00   31.82   23.29   28.17   24.14   34.33   28.38   30.43   30.30   33.33   26.87   33.33   34.85   32.84   34.33
CCL20     15.38   16.18   17.91   10.45   22.39   32.86   25.37   25.40   26.09   23.53   30.43   26.09   27.54   26.09   20.29   19.12   20.00   26.09   17.39   14.71   17.65   17.19   15.62   19.12   17.65   22.06   22.06   19.67   14.49   28.99   31.82   31.82  100.00   30.00   17.65   29.85   24.62   32.35   25.37   29.69   28.12   29.23   32.81   32.81   30.77   30.77
CCL19      9.52   14.67   13.51   19.44   24.32   32.47   28.99   30.77   29.33   26.39   26.03   23.29   24.66   27.40   15.79   14.29   10.81   16.90   17.11   21.13   19.72   15.15   12.12   18.31   17.14   18.57   17.14   17.65   17.39   24.00   23.29   23.29   30.00  100.00   23.94   27.03   32.84   27.03   31.88   31.82   27.27   32.84   33.33   34.85   29.85   31.34
CCL1       6.98    7.25   13.04   21.21   16.90   26.76   21.74   27.27   33.33   33.33   31.94   32.39   29.17   34.72   22.22   11.59   20.83   18.31   21.13   14.08   14.08   16.67   15.15   12.68   23.19   14.49   15.94   15.38   13.24   26.09   28.17   28.17   17.65   23.94  100.00   26.39   34.78   28.77   28.17   25.00   32.35   28.99   32.35   33.82   34.78   34.78
CCL16    10.00   23.61   24.36   18.84   18.48   26.51   27.54   26.87   31.17   29.87   28.77   25.00   23.29   28.77   21.79   14.71   13.89   20.27   18.29    9.59   11.11   15.38   14.49    9.46   17.65   16.18   13.24   22.09   23.19   29.21   24.14   24.14   29.85   27.03   26.39  100.00   26.39   26.58   37.14   35.82   39.44   35.29   41.18   41.18   35.29   36.23
CCL15     5.26   15.38   20.00   19.05   25.37   35.82   26.87   28.79   40.00   30.67   35.29   34.33   30.88   35.29   18.84   19.12   17.65   19.44   25.37   17.14   21.74   21.54   15.94   19.77   21.21   21.21   19.70   25.81   20.59   35.38   34.33   34.33   24.62   32.84   34.78   26.39  100.00   66.30   33.33   37.31   36.99   42.65   38.24   39.71   50.00   49.28
CCL23     5.17   15.28   19.44   14.49   25.68   29.73   28.99   22.39   31.94   27.50   31.51   30.56   31.51   34.25   14.47   17.39   17.81   17.33   20.27   14.86   19.18   15.15   12.86   17.78   20.29   21.74   20.29   16.18   16.90   29.17   28.38   28.38   32.35   27.03   28.77   26.58   66.30  100.00   33.80   33.82   40.54   42.03   39.13   40.58   50.72   50.00
CCL26      4.65   16.42   14.93   18.75   21.74   28.99   26.09   28.79   34.33   37.14   35.71   36.23   30.00   37.14   20.00   15.94   17.14   17.14   14.49   15.94   15.94   16.67   15.15   15.94   23.53   20.59   20.59   22.22   17.91   32.84   31.88   30.43   25.37   31.88   28.17   37.14   33.33   33.80  100.00   39.71   39.71   39.13   45.59   47.06   39.13   40.58
CCL5      11.63   17.19   17.19   11.48   22.73   30.30   28.79   28.79   26.56   26.87   31.34   36.36   26.87   28.36   14.93   22.39   17.91   20.90   19.70   16.67   22.73   13.64   12.12   10.61   13.85   16.92   13.85   21.67   26.56   31.25   30.30   30.30   29.69   31.82   25.00   35.82   37.31   33.82   39.71  100.00   36.76   35.29   48.53   48.53   45.59   44.12
CCL14     10.20   14.06   12.50   18.03   24.24   27.27   30.30   23.88   35.94   34.25   38.81   33.33   31.34   32.84   19.12   14.93   14.93   15.49   21.21   17.39   19.12   13.64   12.86   16.67   16.92   16.92   18.46   20.00   16.42   28.12   33.33   33.33   28.12   27.27   32.35   39.44   36.99   40.54   39.71   36.76  100.00   45.59   49.28   50.72   50.00   47.83
CCL18     13.95   15.38   16.92   17.74   28.36   31.34   28.36   33.33   38.46   35.29   32.35   34.33   32.35   32.35   23.53   19.12   14.71   27.94   23.88   26.87   25.37   25.76   24.24   25.37   24.24   24.24   24.24   21.31   21.54   32.31   26.87   26.87   29.23   32.84   28.99   35.29   42.65   42.03   39.13   35.29   45.59  100.00   45.59   47.06   62.32   62.32
CCL4      11.36   17.19   14.06   14.75   24.24   36.36   27.27   32.84   35.94   38.24   37.31   39.39   34.33   35.82   17.65   11.94   10.45   19.12   16.67   14.93   19.40   10.61   10.45   13.43   13.85   10.77   12.31   26.67   21.88   28.12   33.33   33.33   32.81   33.33   32.35   41.18   38.24   39.13   45.59   48.53   49.28   45.59  100.00   98.55   67.65   68.12
CCL4L1          11.36   17.19   14.06   16.39   24.24   36.36   28.79   32.84   37.50   39.71   38.81   39.39   34.33   35.82   17.65   11.94   11.94   20.59   18.18   16.42   20.90   12.12   11.94   14.93   15.38   12.31   13.85   25.00   21.88   28.12   34.85   34.85   32.81   34.85   33.82   41.18   39.71   40.58   47.06   48.53   50.72   47.06   98.55  100.00   66.18   69.57
CCL3      11.63   13.85   15.38   14.52   26.87   34.33   25.37   30.30   41.54   38.24   38.24   37.31   36.76   33.82   25.00   17.65   11.76   26.47   22.39   22.39   29.85   21.21   19.70   22.39   19.70   21.21   18.18   24.59   20.00   32.31   32.84   32.84   30.77   29.85   34.78   35.29   50.00   50.72   39.13   45.59   50.00   62.32   67.65   66.18  100.00   95.65
CCL3L1    11.36   13.85   15.38   16.13   26.87   34.33   26.87   29.85   41.54   40.58   39.71   37.31   36.76   33.82   24.64   17.65   13.24   27.54   23.88   23.53   30.88   22.73   22.39   23.53   21.21   22.73   19.70   22.95   20.00   32.31   34.33   34.33   30.77   31.34   34.78   36.23   49.28   50.00   40.58   44.12   47.83   62.32   68.12   69.57   95.65  100.00